0 1 2 1 1 1 1
1 1 3 1 1 1 1
2 2 1 1 1 2 1
3 2 12 1 1 2 1
4 3 1 1 1 3 1
5 3 5 1 1 3 1
6 3 12 1 1 3 1
7 4 5 1 1 4 1
8 4 11 1 1 4 1
9 5 3 1 1 5 1
10 5 4 1 1 5 1
11 5 6 1 1 5 1
12 5 8 1 1 5 1
13 5 11 1 1 5 1
14 6 5 1 1 6 1
15 6 7 1 1 6 1
16 7 6 1 1 7 1
17 7 12 1 1 7 1
18 8 5 1 1 8 1
19 8 9 1 1 8 1
20 8 30 1 1 8 1
21 9 8 1 1 9 1
22 9 10 1 1 9 1
23 10 9 1 1 10 1
24 11 4 1 1 11 1
25 11 5 1 1 11 1
26 11 12 1 1 11 1
27 11 13 1 1 11 1
28 12 2 1 1 12 1
29 12 3 1 1 12 1
30 12 7 1 1 12 1
31 12 11 1 1 12 1
32 12 14 1 1 12 1
33 12 16 1 1 12 1
34 12 117 1 1 12 1
35 13 11 1 1 13 1
36 13 15 1 1 13 1
37 14 12 1 1 14 1
38 14 15 1 1 14 1
39 15 13 1 1 15 1
40 15 14 1 1 15 1
41 15 17 1 1 15 1
42 15 19 1 1 15 1
43 15 33 1 1 15 1
44 16 12 1 1 16 1
45 16 17 1 1 16 1
46 17 15 1 1 17 1
47 17 16 1 1 17 1
48 17 18 1 1 17 1
49 17 30 1 1 17 1
50 17 31 1 1 17 1
51 17 113 1 1 17 1
52 18 17 1 1 18 1
53 18 19 1 1 18 1
54 19 15 1 1 19 1
55 19 18 1 1 19 1
56 19 20 1 1 19 1
57 19 34 1 1 19 1
58 20 19 1 1 20 1
59 20 21 1 1 20 1
60 21 20 1 1 21 1
61 21 22 1 1 21 1
62 22 21 1 1 22 1
63 22 23 1 1 22 1
64 23 22 1 1 23 1
65 23 24 1 1 23 1
66 23 25 1 1 23 1
67 23 32 1 1 23 1
68 24 23 1 1 24 1
69 24 70 1 1 24 1
70 24 72 1 1 24 1
71 25 23 1 1 25 1
72 25 26 1 1 25 1
73 25 27 1 1 25 1
74 26 25 1 1 26 1
75 26 30 1 1 26 1
76 27 25 1 1 27 1
77 27 28 1 1 27 1
78 27 32 1 1 27 1
79 27 115 1 1 27 1
80 28 27 1 1 28 1
81 28 29 1 1 28 1
82 29 28 1 1 29 1
83 29 31 1 1 29 1
84 30 8 1 1 30 1
85 30 17 1 1 30 1
86 30 26 1 1 30 1
87 30 38 1 1 30 1
88 31 17 1 1 31 1
89 31 29 1 1 31 1
90 31 32 1 1 31 1
91 32 23 1 1 32 1
92 32 27 1 1 32 1
93 32 31 1 1 32 1
94 32 113 1 1 32 1
95 32 114 1 1 32 1
96 33 15 1 1 33 1
97 33 37 1 1 33 1
98 34 19 1 1 34 1
99 34 36 1 1 34 1
100 34 37 1 1 34 1
101 34 43 1 1 34 1
102 35 36 1 1 35 1
103 35 37 1 1 35 1
104 36 34 1 1 36 1
105 36 35 1 1 36 1
106 37 33 1 1 37 1
107 37 34 1 1 37 1
108 37 35 1 1 37 1
109 37 38 1 1 37 1
110 37 39 1 1 37 1
111 37 40 1 1 37 1
112 38 30 1 1 38 1
113 38 37 1 1 38 1
114 38 65 1 1 38 1
115 39 37 1 1 39 1
116 39 40 1 1 39 1
117 40 37 1 1 40 1
118 40 39 1 1 40 1
119 40 41 1 1 40 1
120 40 42 1 1 40 1
121 41 40 1 1 41 1
122 41 42 1 1 41 1
123 42 40 1 1 42 1
124 42 41 1 1 42 1
125 42 49 1 1 42 1
126 43 34 1 1 43 1
127 43 44 1 1 43 1
128 44 43 1 1 44 1
129 44 45 1 1 44 1
130 45 44 1 1 45 1
131 45 46 1 1 45 1
132 45 49 1 1 45 1
133 46 45 1 1 46 1
134 46 47 1 1 46 1
135 46 48 1 1 46 1
136 47 46 1 1 47 1
137 47 49 1 1 47 1
138 47 69 1 1 47 1
139 48 46 1 1 48 1
140 48 49 1 1 48 1
141 49 42 1 1 49 1
142 49 45 1 1 49 1
143 49 47 1 1 49 1
144 49 48 1 1 49 1
145 49 50 1 1 49 1
146 49 51 1 1 49 1
147 49 54 1 1 49 1
148 49 66 1 1 49 1
149 49 69 1 1 49 1
150 50 49 1 1 50 1
151 50 57 1 1 50 1
152 51 49 1 1 51 1
153 51 52 1 1 51 1
154 51 58 1 1 51 1
155 52 51 1 1 52 1
156 52 53 1 1 52 1
157 53 52 1 1 53 1
158 53 54 1 1 53 1
159 54 49 1 1 54 1
160 54 53 1 1 54 1
161 54 55 1 1 54 1
162 54 56 1 1 54 1
163 54 59 1 1 54 1
164 55 54 1 1 55 1
165 55 56 1 1 55 1
166 55 59 1 1 55 1
167 56 54 1 1 56 1
168 56 55 1 1 56 1
169 56 57 1 1 56 1
170 56 58 1 1 56 1
171 56 59 1 1 56 1
172 57 50 1 1 57 1
173 57 56 1 1 57 1
174 58 51 1 1 58 1
175 58 56 1 1 58 1
176 59 54 1 1 59 1
177 59 55 1 1 59 1
178 59 56 1 1 59 1
179 59 60 1 1 59 1
180 59 61 1 1 59 1
181 59 63 1 1 59 1
182 60 59 1 1 60 1
183 60 61 1 1 60 1
184 60 62 1 1 60 1
185 61 59 1 1 61 1
186 61 60 1 1 61 1
187 61 62 1 1 61 1
188 61 64 1 1 61 1
189 62 60 1 1 62 1
190 62 61 1 1 62 1
191 62 66 1 1 62 1
192 62 67 1 1 62 1
193 63 59 1 1 63 1
194 63 64 1 1 63 1
195 64 61 1 1 64 1
196 64 63 1 1 64 1
197 64 65 1 1 64 1
198 65 38 1 1 65 1
199 65 64 1 1 65 1
200 65 66 1 1 65 1
201 65 68 1 1 65 1
202 66 49 1 1 66 1
203 66 62 1 1 66 1
204 66 65 1 1 66 1
205 66 67 1 1 66 1
206 67 62 1 1 67 1
207 67 66 1 1 67 1
208 68 65 1 1 68 1
209 68 69 1 1 68 1
210 68 81 1 1 68 1
211 68 116 1 1 68 1
212 69 47 1 1 69 1
213 69 49 1 1 69 1
214 69 68 1 1 69 1
215 69 70 1 1 69 1
216 69 75 1 1 69 1
217 69 77 1 1 69 1
218 70 24 1 1 70 1
219 70 69 1 1 70 1
220 70 71 1 1 70 1
221 70 74 1 1 70 1
222 70 75 1 1 70 1
223 71 70 1 1 71 1
224 71 72 1 1 71 1
225 71 73 1 1 71 1
226 72 24 1 1 72 1
227 72 71 1 1 72 1
228 73 71 1 1 73 1
229 74 70 1 1 74 1
230 74 75 1 1 74 1
231 75 69 1 1 75 1
232 75 70 1 1 75 1
233 75 74 1 1 75 1
234 75 77 1 1 75 1
235 75 118 1 1 75 1
236 76 77 1 1 76 1
237 76 118 1 1 76 1
238 77 69 1 1 77 1
239 77 75 1 1 77 1
240 77 76 1 1 77 1
241 77 78 1 1 77 1
242 77 80 1 1 77 1
243 77 82 1 1 77 1
244 78 77 1 1 78 1
245 78 79 1 1 78 1
246 79 78 1 1 79 1
247 79 80 1 1 79 1
248 80 77 1 1 80 1
249 80 79 1 1 80 1
250 80 81 1 1 80 1
251 80 96 1 1 80 1
252 80 97 1 1 80 1
253 80 98 1 1 80 1
254 80 99 1 1 80 1
255 81 68 1 1 81 1
256 81 80 1 1 81 1
257 82 77 1 1 82 1
258 82 83 1 1 82 1
259 82 96 1 1 82 1
260 83 82 1 1 83 1
261 83 84 1 1 83 1
262 83 85 1 1 83 1
263 84 83 1 1 84 1
264 84 85 1 1 84 1
265 85 83 1 1 85 1
266 85 84 1 1 85 1
267 85 86 1 1 85 1
268 85 88 1 1 85 1
269 85 89 1 1 85 1
270 86 85 1 1 86 1
271 86 87 1 1 86 1
272 87 86 1 1 87 1
273 88 85 1 1 88 1
274 88 89 1 1 88 1
275 89 85 1 1 89 1
276 89 88 1 1 89 1
277 89 90 1 1 89 1
278 89 92 1 1 89 1
279 90 89 1 1 90 1
280 90 91 1 1 90 1
281 91 90 1 1 91 1
282 91 92 1 1 91 1
283 92 89 1 1 92 1
284 92 91 1 1 92 1
285 92 93 1 1 92 1
286 92 94 1 1 92 1
287 92 100 1 1 92 1
288 92 102 1 1 92 1
289 93 92 1 1 93 1
290 93 94 1 1 93 1
291 94 92 1 1 94 1
292 94 93 1 1 94 1
293 94 95 1 1 94 1
294 94 96 1 1 94 1
295 94 100 1 1 94 1
296 95 94 1 1 95 1
297 95 96 1 1 95 1
298 96 80 1 1 96 1
299 96 82 1 1 96 1
300 96 94 1 1 96 1
301 96 95 1 1 96 1
302 96 97 1 1 96 1
303 97 80 1 1 97 1
304 97 96 1 1 97 1
305 98 80 1 1 98 1
306 98 100 1 1 98 1
307 99 80 1 1 99 1
308 99 100 1 1 99 1
309 100 92 1 1 100 1
310 100 94 1 1 100 1
311 100 98 1 1 100 1
312 100 99 1 1 100 1
313 100 101 1 1 100 1
314 100 103 1 1 100 1
315 100 104 1 1 100 1
316 100 106 1 1 100 1
317 101 100 1 1 101 1
318 101 102 1 1 101 1
319 102 92 1 1 102 1
320 102 101 1 1 102 1
321 103 100 1 1 103 1
322 103 104 1 1 103 1
323 103 105 1 1 103 1
324 103 110 1 1 103 1
325 104 100 1 1 104 1
326 104 103 1 1 104 1
327 104 105 1 1 104 1
328 105 103 1 1 105 1
329 105 104 1 1 105 1
330 105 106 1 1 105 1
331 105 107 1 1 105 1
332 105 108 1 1 105 1
333 106 100 1 1 106 1
334 106 105 1 1 106 1
335 106 107 1 1 106 1
336 107 105 1 1 107 1
337 107 106 1 1 107 1
338 108 105 1 1 108 1
339 108 109 1 1 108 1
340 109 108 1 1 109 1
341 109 110 1 1 109 1
342 110 103 1 1 110 1
343 110 109 1 1 110 1
344 110 111 1 1 110 1
345 110 112 1 1 110 1
346 111 110 1 1 111 1
347 112 110 1 1 112 1
348 113 17 1 1 113 1
349 113 32 1 1 113 1
350 114 32 1 1 114 1
351 114 115 1 1 114 1
352 115 27 1 1 115 1
353 115 114 1 1 115 1
354 116 68 1 1 116 1
355 117 12 1 1 117 1
356 118 75 1 1 118 1
357 118 76 1 1 118 1
358 1 1 1 2 1 1
359 2 2 1 2 2 1
360 3 3 1 2 3 1
361 4 4 1 2 4 1
362 5 5 1 2 5 1
363 6 6 1 2 6 1
364 7 7 1 2 7 1
365 8 8 1 2 8 0
366 9 9 1 2 9 1
367 10 10 1 2 10 0
368 11 11 1 2 11 1
369 12 12 1 2 12 1
370 13 13 1 2 13 1
371 14 14 1 2 14 1
372 15 15 1 2 15 1
373 16 16 1 2 16 1
374 17 17 1 2 17 0
375 18 18 1 2 18 1
376 19 19 1 2 19 1
377 20 20 1 2 20 1
378 21 21 1 2 21 0
379 22 22 1 2 22 1
380 23 23 1 2 23 1
381 24 24 1 2 24 1
382 25 25 1 2 25 1
383 26 26 1 2 26 1
384 27 27 1 2 27 1
385 28 28 1 2 28 0
386 29 29 1 2 29 1
387 30 30 1 2 30 1
388 31 31 1 2 31 1
389 32 32 1 2 32 1
390 33 33 1 2 33 1
391 34 34 1 2 34 1
392 35 35 1 2 35 1
393 36 36 1 2 36 1
394 37 37 1 2 37 0
395 38 38 1 2 38 1
396 39 39 1 2 39 1
397 40 40 1 2 40 1
398 41 41 1 2 41 1
399 42 42 1 2 42 1
400 43 43 1 2 43 1
401 44 44 1 2 44 0
402 45 45 1 2 45 1
403 46 46 1 2 46 1
404 47 47 1 2 47 1
405 48 48 1 2 48 1
406 49 49 1 2 49 1
407 50 50 1 2 50 1
408 51 51 1 2 51 1
409 52 52 1 2 52 1
410 53 53 1 2 53 1
411 54 54 1 2 54 1
412 55 55 1 2 55 1
413 56 56 1 2 56 1
414 57 57 1 2 57 1
415 58 58 1 2 58 1
416 59 59 1 2 59 1
417 60 60 1 2 60 1
418 61 61 1 2 61 1
419 62 62 1 2 62 1
420 63 63 1 2 63 1
421 64 64 1 2 64 1
422 65 65 1 2 65 1
423 66 66 1 2 66 1
424 67 67 1 2 67 0
425 68 68 1 2 68 1
426 69 69 1 2 69 1
427 70 70 1 2 70 1
428 71 71 1 2 71 1
429 72 72 1 2 72 1
430 73 73 1 2 73 1
431 74 74 1 2 74 1
432 75 75 1 2 75 1
433 76 76 1 2 76 1
434 77 77 1 2 77 0
435 78 78 1 2 78 1
436 79 79 1 2 79 1
437 80 80 1 2 80 1
438 81 81 1 2 81 1
439 82 82 1 2 82 1
440 83 83 1 2 83 1
441 84 84 1 2 84 1
442 85 85 1 2 85 0
443 86 86 1 2 86 1
444 87 87 1 2 87 1
445 88 88 1 2 88 1
446 89 89 1 2 89 1
447 90 90 1 2 90 0
448 91 91 1 2 91 1
449 92 92 1 2 92 1
450 93 93 1 2 93 1
451 94 94 1 2 94 1
452 95 95 1 2 95 1
453 96 96 1 2 96 1
454 97 97 1 2 97 1
455 98 98 1 2 98 1
456 99 99 1 2 99 0
457 100 100 1 2 100 1
458 101 101 1 2 101 1
459 102 102 1 2 102 1
460 103 103 1 2 103 1
461 104 104 1 2 104 1
462 105 105 1 2 105 1
463 106 106 1 2 106 1
464 107 107 1 2 107 0
465 108 108 1 2 108 1
466 109 109 1 2 109 1
467 110 110 1 2 110 1
468 111 111 1 2 111 1
469 112 112 1 2 112 1
470 113 113 1 2 113 1
471 114 114 1 2 114 1
472 115 115 1 2 115 0
473 116 116 1 2 116 1
474 117 117 1 2 117 1
475 118 118 1 2 118 1
