0 1 2 1 1 1 0
1 1 3 1 1 1 0
2 2 1 1 1 2 0
3 2 12 1 1 2 0
4 3 1 1 1 3 0
5 3 5 1 1 3 0
6 3 12 1 1 3 0
7 4 5 1 1 4 0
8 4 11 1 1 4 0
9 5 3 1 1 5 0
10 5 4 1 1 5 0
11 5 6 1 1 5 0
12 5 8 1 1 5 0
13 5 11 1 1 5 0
14 6 5 1 1 6 0
15 6 7 1 1 6 0
16 7 6 1 1 7 0
17 7 12 1 1 7 0
18 8 5 1 1 8 0
19 8 9 1 1 8 0
20 8 30 1 1 8 0
21 9 8 1 1 9 0
22 9 10 1 1 9 0
23 10 9 1 1 10 0
24 11 4 1 1 11 0
25 11 5 1 1 11 0
26 11 12 1 1 11 0
27 11 13 1 1 11 0
28 12 2 1 1 12 0
29 12 3 1 1 12 0
30 12 7 1 1 12 0
31 12 11 1 1 12 0
32 12 14 1 1 12 0
33 12 16 1 1 12 0
34 12 117 1 1 12 0
35 13 11 1 1 13 0
36 13 15 1 1 13 0
37 14 12 1 1 14 0
38 14 15 1 1 14 0
39 15 13 1 1 15 0
40 15 14 1 1 15 0
41 15 17 1 1 15 0
42 15 19 1 1 15 0
43 15 33 1 1 15 0
44 16 12 1 1 16 0
45 16 17 1 1 16 0
46 17 15 1 1 17 0
47 17 16 1 1 17 0
48 17 18 1 1 17 1
49 17 30 1 1 17 0
50 17 31 1 1 17 0
51 17 113 1 1 17 0
52 18 17 1 1 18 1
53 18 19 1 1 18 1
54 19 15 1 1 19 0
55 19 18 1 1 19 1
56 19 20 1 1 19 0
57 19 34 1 1 19 0
58 20 19 1 1 20 0
59 20 21 1 1 20 0
60 21 20 1 1 21 0
61 21 22 1 1 21 0
62 22 21 1 1 22 0
63 22 23 1 1 22 0
64 23 22 1 1 23 0
65 23 24 1 1 23 0
66 23 25 1 1 23 0
67 23 32 1 1 23 0
68 24 23 1 1 24 0
69 24 70 1 1 24 0
70 24 72 1 1 24 0
71 25 23 1 1 25 0
72 25 26 1 1 25 0
73 25 27 1 1 25 0
74 26 25 1 1 26 0
75 26 30 1 1 26 0
76 27 25 1 1 27 0
77 27 28 1 1 27 0
78 27 32 1 1 27 0
79 27 115 1 1 27 0
80 28 27 1 1 28 0
81 28 29 1 1 28 0
82 29 28 1 1 29 0
83 29 31 1 1 29 0
84 30 8 1 1 30 0
85 30 17 1 1 30 0
86 30 26 1 1 30 0
87 30 38 1 1 30 0
88 31 17 1 1 31 0
89 31 29 1 1 31 0
90 31 32 1 1 31 0
91 32 23 1 1 32 0
92 32 27 1 1 32 0
93 32 31 1 1 32 0
94 32 113 1 1 32 0
95 32 114 1 1 32 0
96 33 15 1 1 33 0
97 33 37 1 1 33 0
98 34 19 1 1 34 0
99 34 36 1 1 34 0
100 34 37 1 1 34 0
101 34 43 1 1 34 0
102 35 36 1 1 35 0
103 35 37 1 1 35 0
104 36 34 1 1 36 0
105 36 35 1 1 36 0
106 37 33 1 1 37 0
107 37 34 1 1 37 0
108 37 35 1 1 37 0
109 37 38 1 1 37 0
110 37 39 1 1 37 0
111 37 40 1 1 37 0
112 38 30 1 1 38 0
113 38 37 1 1 38 0
114 38 65 1 1 38 0
115 39 37 1 1 39 0
116 39 40 1 1 39 0
117 40 37 1 1 40 0
118 40 39 1 1 40 0
119 40 41 1 1 40 0
120 40 42 1 1 40 0
121 41 40 1 1 41 0
122 41 42 1 1 41 0
123 42 40 1 1 42 0
124 42 41 1 1 42 0
125 42 49 1 1 42 0
126 43 34 1 1 43 0
127 43 44 1 1 43 0
128 44 43 1 1 44 0
129 44 45 1 1 44 0
130 45 44 1 1 45 0
131 45 46 1 1 45 0
132 45 49 1 1 45 0
133 46 45 1 1 46 0
134 46 47 1 1 46 0
135 46 48 1 1 46 0
136 47 46 1 1 47 0
137 47 49 1 1 47 0
138 47 69 1 1 47 0
139 48 46 1 1 48 0
140 48 49 1 1 48 0
141 49 42 1 1 49 0
142 49 45 1 1 49 0
143 49 47 1 1 49 0
144 49 48 1 1 49 0
145 49 50 1 1 49 0
146 49 51 1 1 49 0
147 49 54 1 1 49 0
148 49 66 1 1 49 0
149 49 69 1 1 49 0
150 50 49 1 1 50 0
151 50 57 1 1 50 0
152 51 49 1 1 51 0
153 51 52 1 1 51 0
154 51 58 1 1 51 0
155 52 51 1 1 52 0
156 52 53 1 1 52 0
157 53 52 1 1 53 0
158 53 54 1 1 53 0
159 54 49 1 1 54 0
160 54 53 1 1 54 0
161 54 55 1 1 54 0
162 54 56 1 1 54 0
163 54 59 1 1 54 0
164 55 54 1 1 55 0
165 55 56 1 1 55 0
166 55 59 1 1 55 0
167 56 54 1 1 56 0
168 56 55 1 1 56 0
169 56 57 1 1 56 0
170 56 58 1 1 56 0
171 56 59 1 1 56 0
172 57 50 1 1 57 0
173 57 56 1 1 57 0
174 58 51 1 1 58 0
175 58 56 1 1 58 0
176 59 54 1 1 59 0
177 59 55 1 1 59 0
178 59 56 1 1 59 0
179 59 60 1 1 59 0
180 59 61 1 1 59 0
181 59 63 1 1 59 0
182 60 59 1 1 60 0
183 60 61 1 1 60 0
184 60 62 1 1 60 0
185 61 59 1 1 61 0
186 61 60 1 1 61 0
187 61 62 1 1 61 0
188 61 64 1 1 61 0
189 62 60 1 1 62 0
190 62 61 1 1 62 0
191 62 66 1 1 62 0
192 62 67 1 1 62 0
193 63 59 1 1 63 0
194 63 64 1 1 63 0
195 64 61 1 1 64 0
196 64 63 1 1 64 0
197 64 65 1 1 64 0
198 65 38 1 1 65 0
199 65 64 1 1 65 0
200 65 66 1 1 65 0
201 65 68 1 1 65 0
202 66 49 1 1 66 0
203 66 62 1 1 66 0
204 66 65 1 1 66 0
205 66 67 1 1 66 0
206 67 62 1 1 67 0
207 67 66 1 1 67 0
208 68 65 1 1 68 0
209 68 69 1 1 68 0
210 68 81 1 1 68 0
211 68 116 1 1 68 0
212 69 47 1 1 69 0
213 69 49 1 1 69 0
214 69 68 1 1 69 0
215 69 70 1 1 69 0
216 69 75 1 1 69 0
217 69 77 1 1 69 0
218 70 24 1 1 70 0
219 70 69 1 1 70 0
220 70 71 1 1 70 0
221 70 74 1 1 70 0
222 70 75 1 1 70 0
223 71 70 1 1 71 0
224 71 72 1 1 71 0
225 71 73 1 1 71 0
226 72 24 1 1 72 0
227 72 71 1 1 72 0
228 73 71 1 1 73 0
229 74 70 1 1 74 0
230 74 75 1 1 74 0
231 75 69 1 1 75 0
232 75 70 1 1 75 0
233 75 74 1 1 75 0
234 75 77 1 1 75 0
235 75 118 1 1 75 0
236 76 77 1 1 76 0
237 76 118 1 1 76 0
238 77 69 1 1 77 0
239 77 75 1 1 77 0
240 77 76 1 1 77 0
241 77 78 1 1 77 0
242 77 80 1 1 77 0
243 77 82 1 1 77 0
244 78 77 1 1 78 0
245 78 79 1 1 78 0
246 79 78 1 1 79 0
247 79 80 1 1 79 0
248 80 77 1 1 80 0
249 80 79 1 1 80 0
250 80 81 1 1 80 0
251 80 96 1 1 80 0
252 80 97 1 1 80 0
253 80 98 1 1 80 0
254 80 99 1 1 80 0
255 81 68 1 1 81 0
256 81 80 1 1 81 0
257 82 77 1 1 82 0
258 82 83 1 1 82 0
259 82 96 1 1 82 0
260 83 82 1 1 83 0
261 83 84 1 1 83 0
262 83 85 1 1 83 0
263 84 83 1 1 84 0
264 84 85 1 1 84 0
265 85 83 1 1 85 0
266 85 84 1 1 85 0
267 85 86 1 1 85 0
268 85 88 1 1 85 0
269 85 89 1 1 85 0
270 86 85 1 1 86 0
271 86 87 1 1 86 0
272 87 86 1 1 87 0
273 88 85 1 1 88 0
274 88 89 1 1 88 0
275 89 85 1 1 89 0
276 89 88 1 1 89 0
277 89 90 1 1 89 0
278 89 92 1 1 89 0
279 90 89 1 1 90 0
280 90 91 1 1 90 0
281 91 90 1 1 91 0
282 91 92 1 1 91 0
283 92 89 1 1 92 0
284 92 91 1 1 92 0
285 92 93 1 1 92 0
286 92 94 1 1 92 0
287 92 100 1 1 92 0
288 92 102 1 1 92 0
289 93 92 1 1 93 0
290 93 94 1 1 93 0
291 94 92 1 1 94 0
292 94 93 1 1 94 0
293 94 95 1 1 94 0
294 94 96 1 1 94 0
295 94 100 1 1 94 0
296 95 94 1 1 95 0
297 95 96 1 1 95 0
298 96 80 1 1 96 0
299 96 82 1 1 96 0
300 96 94 1 1 96 0
301 96 95 1 1 96 0
302 96 97 1 1 96 0
303 97 80 1 1 97 0
304 97 96 1 1 97 0
305 98 80 1 1 98 0
306 98 100 1 1 98 0
307 99 80 1 1 99 0
308 99 100 1 1 99 0
309 100 92 1 1 100 0
310 100 94 1 1 100 0
311 100 98 1 1 100 0
312 100 99 1 1 100 0
313 100 101 1 1 100 0
314 100 103 1 1 100 0
315 100 104 1 1 100 0
316 100 106 1 1 100 0
317 101 100 1 1 101 0
318 101 102 1 1 101 0
319 102 92 1 1 102 0
320 102 101 1 1 102 0
321 103 100 1 1 103 0
322 103 104 1 1 103 0
323 103 105 1 1 103 0
324 103 110 1 1 103 0
325 104 100 1 1 104 0
326 104 103 1 1 104 0
327 104 105 1 1 104 0
328 105 103 1 1 105 0
329 105 104 1 1 105 0
330 105 106 1 1 105 0
331 105 107 1 1 105 0
332 105 108 1 1 105 0
333 106 100 1 1 106 0
334 106 105 1 1 106 0
335 106 107 1 1 106 0
336 107 105 1 1 107 0
337 107 106 1 1 107 0
338 108 105 1 1 108 0
339 108 109 1 1 108 0
340 109 108 1 1 109 0
341 109 110 1 1 109 0
342 110 103 1 1 110 0
343 110 109 1 1 110 0
344 110 111 1 1 110 0
345 110 112 1 1 110 0
346 111 110 1 1 111 0
347 112 110 1 1 112 0
348 113 17 1 1 113 0
349 113 32 1 1 113 0
350 114 32 1 1 114 0
351 114 115 1 1 114 0
352 115 27 1 1 115 0
353 115 114 1 1 115 0
354 116 68 1 1 116 0
355 117 12 1 1 117 0
356 118 75 1 1 118 0
357 118 76 1 1 118 0
358 1 1 1 2 1 0
359 2 2 1 2 2 0
360 3 3 1 2 3 0
361 4 4 1 2 4 0
362 5 5 1 2 5 0
363 6 6 1 2 6 0
364 7 7 1 2 7 0
365 8 8 1 2 8 0
366 9 9 1 2 9 0
367 10 10 1 2 10 0
368 11 11 1 2 11 0
369 12 12 1 2 12 0
370 13 13 1 2 13 0
371 14 14 1 2 14 0
372 15 15 1 2 15 0
373 16 16 1 2 16 0
374 17 17 1 2 17 0
375 18 18 1 2 18 1
376 19 19 1 2 19 0
377 20 20 1 2 20 0
378 21 21 1 2 21 0
379 22 22 1 2 22 0
380 23 23 1 2 23 0
381 24 24 1 2 24 0
382 25 25 1 2 25 0
383 26 26 1 2 26 0
384 27 27 1 2 27 0
385 28 28 1 2 28 0
386 29 29 1 2 29 0
387 30 30 1 2 30 0
388 31 31 1 2 31 0
389 32 32 1 2 32 0
390 33 33 1 2 33 0
391 34 34 1 2 34 0
392 35 35 1 2 35 0
393 36 36 1 2 36 0
394 37 37 1 2 37 0
395 38 38 1 2 38 0
396 39 39 1 2 39 0
397 40 40 1 2 40 0
398 41 41 1 2 41 0
399 42 42 1 2 42 0
400 43 43 1 2 43 0
401 44 44 1 2 44 0
402 45 45 1 2 45 0
403 46 46 1 2 46 0
404 47 47 1 2 47 0
405 48 48 1 2 48 0
406 49 49 1 2 49 0
407 50 50 1 2 50 0
408 51 51 1 2 51 0
409 52 52 1 2 52 0
410 53 53 1 2 53 0
411 54 54 1 2 54 0
412 55 55 1 2 55 0
413 56 56 1 2 56 0
414 57 57 1 2 57 0
415 58 58 1 2 58 0
416 59 59 1 2 59 0
417 60 60 1 2 60 0
418 61 61 1 2 61 0
419 62 62 1 2 62 0
420 63 63 1 2 63 0
421 64 64 1 2 64 0
422 65 65 1 2 65 0
423 66 66 1 2 66 0
424 67 67 1 2 67 0
425 68 68 1 2 68 0
426 69 69 1 2 69 0
427 70 70 1 2 70 0
428 71 71 1 2 71 0
429 72 72 1 2 72 0
430 73 73 1 2 73 0
431 74 74 1 2 74 0
432 75 75 1 2 75 0
433 76 76 1 2 76 0
434 77 77 1 2 77 0
435 78 78 1 2 78 0
436 79 79 1 2 79 0
437 80 80 1 2 80 0
438 81 81 1 2 81 0
439 82 82 1 2 82 0
440 83 83 1 2 83 0
441 84 84 1 2 84 0
442 85 85 1 2 85 0
443 86 86 1 2 86 0
444 87 87 1 2 87 0
445 88 88 1 2 88 0
446 89 89 1 2 89 0
447 90 90 1 2 90 0
448 91 91 1 2 91 0
449 92 92 1 2 92 0
450 93 93 1 2 93 0
451 94 94 1 2 94 0
452 95 95 1 2 95 0
453 96 96 1 2 96 0
454 97 97 1 2 97 0
455 98 98 1 2 98 0
456 99 99 1 2 99 0
457 100 100 1 2 100 0
458 101 101 1 2 101 0
459 102 102 1 2 102 0
460 103 103 1 2 103 0
461 104 104 1 2 104 0
462 105 105 1 2 105 0
463 106 106 1 2 106 0
464 107 107 1 2 107 0
465 108 108 1 2 108 0
466 109 109 1 2 109 0
467 110 110 1 2 110 0
468 111 111 1 2 111 0
469 112 112 1 2 112 0
470 113 113 1 2 113 0
471 114 114 1 2 114 0
472 115 115 1 2 115 0
473 116 116 1 2 116 0
474 117 117 1 2 117 0
475 118 118 1 2 118 0
